2/3/2021 4:39:49 PM   Width, Thick, Diam. Units Code, then 20 Cal Factor Table
6.3500, 2.2860, 10.0000, 0,
315746.2813, 743.7709, 0.0, 0.0, 0.0, 0.0, 0.0, 0.0, 0.0, 0.0, 0.0, 0.0, 0.0, 0.0, 0.0, 0.0, 0.0, 0.0, 0.0, 0.0, 
Load, Disp, Stress, Time, Temp, Axial, Transverse, Chans 1-20
  7.9957, 0.05128,  0.551, 0.00016,  0.00, 0.01887, 0.00000,  -7.995704,  -0.018865, 
 14.6538, 0.07287,  1.009, 0.00018,  0.00, 0.03313, 0.00000, -14.653792,  -0.033132, 
 23.1061, 0.09827,  1.592, 0.00020,  0.00, 0.04898, 0.00000, -23.106083,  -0.048979, 
 30.4315, 0.13256,  2.096, 0.00022,  0.00, 0.06460, 0.00000, -30.431507,  -0.064598, 
 38.1093, 0.16725,  2.625, 0.00025,  0.00, 0.08017, 0.00000, -38.109322,  -0.080173, 
 40.6973, 0.20416,  2.804, 0.00027,  0.00, 0.08532, 0.00000, -40.697281,  -0.085324, 
 43.3858, 0.28568,  2.989, 0.00031,  0.00, 0.08557, 0.00000, -43.385807,  -0.085568, 
 46.6705, 0.43332,  3.215, 0.00038,  0.00, 0.09280, 0.00000, -46.670509,  -0.092800, 
 52.5491, 0.53643,  3.620, 0.00042,  0.00, 0.09968, 0.00000, -52.549095,  -0.099682, 
 62.3644, 0.59668,  4.296, 0.00044,  0.00, 0.12430, 0.00000, -62.364365,  -0.124303, 
 71.3660, 0.65185,  4.916, 0.00046,  0.00, 0.14559, 0.00000, -71.365997,  -0.145593, 
 82.5060, 0.70749,  5.684, 0.00048,  0.00, 0.16752, 0.00000, -82.506027,  -0.167519, 
 94.9494, 0.76345,  6.541, 0.00050,  0.00, 0.19190, 0.00000, -94.949356,  -0.191899, 
108.6937, 0.82100,  7.488, 0.00053,  0.00, 0.22110, 0.00000, -108.693710,  -0.221098, 
122.5188, 0.88585,  8.440, 0.00055,  0.00, 0.25320, 0.00000, -122.518784,  -0.253200, 
136.6159, 0.94428,  9.411, 0.00057,  0.00, 0.28526, 0.00000, -136.615860,  -0.285265, 
151.3018, 1.00341, 10.423, 0.00059,  0.00, 0.31970, 0.00000, -151.301849,  -0.319696, 
166.6604, 1.06247, 11.481, 0.00061,  0.00, 0.35699, 0.00000, -166.660416,  -0.356986, 
182.0401, 1.12216, 12.541, 0.00063,  0.00, 0.39378, 0.00000, -182.040146,  -0.393782, 
200.2082, 1.18955, 13.792, 0.00066,  0.00, 0.43969, 0.00000, -200.208206,  -0.439692, 
215.7788, 1.24964, 14.865, 0.00068,  0.00, 0.47953, 0.00000, -215.778824,  -0.479528, 
233.0146, 1.31053, 16.052, 0.00070,  0.00, 0.52319, 0.00000, -233.014587,  -0.523189, 
250.3004, 1.37085, 17.243, 0.00072,  0.00, 0.56559, 0.00000, -250.300354,  -0.565594, 
266.0276, 1.43197, 18.326, 0.00074,  0.00, 0.60916, 0.00000, -266.027557,  -0.609159, 
282.8707, 1.49381, 19.487, 0.00076,  0.00, 0.65452, 0.00000, -282.870697,  -0.654522, 
302.9104, 1.56255, 20.867, 0.00079,  0.00, 0.70462, 0.00000, -302.910370,  -0.704622, 
319.2185, 1.62391, 21.991, 0.00081,  0.00, 0.74786, 0.00000, -319.218475,  -0.747862, 
334.7218, 1.68463, 23.059, 0.00083,  0.00, 0.78938, 0.00000, -334.721771,  -0.789381, 
349.2959, 1.74647, 24.063, 0.00085,  0.00, 0.83036, 0.00000, -349.295929,  -0.830357, 
366.2372, 1.81616, 25.230, 0.00087,  0.00, 0.87896, 0.00000, -366.237244,  -0.878957, 
382.1550, 1.87760, 26.326, 0.00090,  0.00, 0.92321, 0.00000, -382.154999,  -0.923207, 
397.5898, 1.93991, 27.390, 0.00092,  0.00, 0.96546, 0.00000, -397.589844,  -0.965464, 
413.4053, 2.00222, 28.479, 0.00094,  0.00, 1.01303, 0.00000, -413.405304,  -1.013030, 
429.4014, 2.06422, 29.581, 0.00096,  0.00, 1.05584, 0.00000, -429.401428,  -1.055845, 
446.6401, 2.13431, 30.769, 0.00098,  0.00, 1.10802, 0.00000, -446.640106,  -1.108021, 
462.2575, 2.19614, 31.844, 0.00100,  0.00, 1.15365, 0.00000, -462.257477,  -1.153653, 
478.4789, 2.25893, 32.962, 0.00103,  0.00, 1.20065, 0.00000, -478.478943,  -1.200645, 
493.2748, 2.32092, 33.981, 0.00105,  0.00, 1.24590, 0.00000, -493.274841,  -1.245899, 
508.2717, 2.38339, 35.014, 0.00107,  0.00, 1.29161, 0.00000, -508.271667,  -1.291607, 
525.3502, 2.45348, 36.191, 0.00109,  0.00, 1.34777, 0.00000, -525.350220,  -1.347770, 
541.4636, 2.51564, 37.301, 0.00111,  0.00, 1.39714, 0.00000, -541.463562,  -1.397143, 
556.4103, 2.57898, 38.331, 0.00113,  0.00, 1.44614, 0.00000, -556.410278,  -1.446139, 
572.0409, 2.64129, 39.407, 0.00115,  0.00, 1.49799, 0.00000, -572.040894,  -1.497987, 
586.7935, 2.70440, 40.424, 0.00118,  0.00, 1.54982, 0.00000, -586.793457,  -1.549821, 
604.2728, 2.77520, 41.628, 0.00120,  0.00, 1.61104, 0.00000, -604.272827,  -1.611038, 
618.1370, 2.83783, 42.583, 0.00122,  0.00, 1.66555, 0.00000, -618.137024,  -1.665546, 
633.2617, 2.90102, 43.625, 0.00124,  0.00, 1.72209, 0.00000, -633.261658,  -1.722085, 
647.2213, 2.96333, 44.586, 0.00126,  0.00, 1.78317, 0.00000, -647.221313,  -1.783172, 
660.8549, 3.02643, 45.526, 0.00128,  0.00, 1.84170, 0.00000, -660.854858,  -1.841701, 
676.3057, 3.09724, 46.590, 0.00131,  0.00, 1.91378, 0.00000, -676.305664,  -1.913778, 
689.7125, 3.15907, 47.514, 0.00133,  0.00, 1.97597, 0.00000, -689.712524,  -1.975968, 
701.6793, 3.22226, 48.338, 0.00135,  0.00, 2.04424, 0.00000, -701.679321,  -2.044236, 
712.4009, 3.28481, 49.077, 0.00137,  0.00, 2.11392, 0.00000, -712.400879,  -2.113919, 
722.4437, 3.34791, 49.768, 0.00139,  0.00, 2.19035, 0.00000, -722.443665,  -2.190346, 
733.1287, 3.41824, 50.505, 0.00142,  0.00, 2.28339, 0.00000, -733.128662,  -2.283390, 
739.1431, 3.48293, 50.919, 0.00144,  0.00, 2.37181, 0.00000, -739.143127,  -2.371805, 
535.3185, 3.54771, 36.878, 0.00146,  0.00, 2.24097, 0.00000, -535.318542,  -2.240967, 
 13.2979, 3.70202,  0.082, 0.00150,  0.00, 1.74896, 0.00000,  13.297872,  -1.693765, 
