2/3/2021 4:24:36 PM   Width, Thick, Diam. Units Code, then 20 Cal Factor Table
6.3500, 2.2860, 10.0000, 0,
315746.2813, 743.7709, 0.0, 0.0, 0.0, 0.0, 0.0, 0.0, 0.0, 0.0, 0.0, 0.0, 0.0, 0.0, 0.0, 0.0, 0.0, 0.0, 0.0, 0.0, 
Load, Disp, Stress, Time, Temp, Axial, Transverse, Chans 1-20
  7.9210, 0.03532,  0.546, 0.00014,  0.00, 0.00160, 0.00000,  -7.920950,  -0.001599, 
 20.4099, 0.05279,  1.406, 0.00016,  0.00, 0.00303, 0.00000, -20.409918,  -0.003034, 
 37.0575, 0.07462,  2.553, 0.00018,  0.00, 0.00448, 0.00000, -37.057491,  -0.004483, 
 53.4704, 0.09978,  3.684, 0.00020,  0.00, 0.00637, 0.00000, -53.470364,  -0.006374, 
 58.8341, 0.13272,  4.053, 0.00022,  0.00, 0.00556, 0.00000, -58.834057,  -0.005562, 
 69.7305, 0.48301,  4.804, 0.00040,  0.00, 0.00675, 0.00000, -69.730545,  -0.006747, 
 94.3269, 0.53493,  6.498, 0.00042,  0.00, 0.00865, 0.00000, -94.326889,  -0.008649, 
136.9421, 0.58874,  9.434, 0.00044,  0.00, 0.01416, 0.00000, -136.942139,  -0.014163, 
187.6876, 0.64201, 12.930, 0.00046,  0.00, 0.01684, 0.00000, -187.687622,  -0.016840, 
253.2743, 0.70360, 17.448, 0.00048,  0.00, 0.02225, 0.00000, -253.274307,  -0.022255, 
319.2256, 0.75956, 21.991, 0.00050,  0.00, 0.02585, 0.00000, -319.225647,  -0.025854, 
385.5977, 0.81561, 26.563, 0.00053,  0.00, 0.03139, 0.00000, -385.597656,  -0.031393, 
450.4943, 0.87300, 31.034, 0.00055,  0.00, 0.03378, 0.00000, -450.494293,  -0.033781, 
509.7542, 0.92999, 35.116, 0.00057,  0.00, 0.03838, 0.00000, -509.754211,  -0.038383, 
573.5333, 0.99460, 39.510, 0.00059,  0.00, 0.04281, 0.00000, -573.533264,  -0.042810, 
635.1133, 1.05287, 43.752, 0.00061,  0.00, 0.04892, 0.00000, -635.113342,  -0.048920, 
697.0004, 1.11121, 48.016, 0.00063,  0.00, 0.05209, 0.00000, -697.000366,  -0.052086, 
758.8478, 1.16971, 52.276, 0.00065,  0.00, 0.05728, 0.00000, -758.847778,  -0.057279, 
823.3873, 1.23035, 56.722, 0.00068,  0.00, 0.06112, 0.00000, -823.387329,  -0.061125, 
889.4688, 1.28862, 61.275, 0.00070,  0.00, 0.06760, 0.00000, -889.468750,  -0.067597, 
961.0085, 1.35514, 66.203, 0.00072,  0.00, 0.07099, 0.00000, -961.008545,  -0.070989, 
1023.5915, 1.41451, 70.514, 0.00074,  0.00, 0.07587, 0.00000, -1023.591492,  -0.075869, 
1090.7849, 1.47388, 75.143, 0.00076,  0.00, 0.08090, 0.00000, -1090.784912,  -0.080903, 
1161.3932, 1.53381, 80.007, 0.00078,  0.00, 0.08804, 0.00000, -1161.393188,  -0.088044, 
1230.7311, 1.59279, 84.784, 0.00081,  0.00, 0.09302, 0.00000, -1230.731079,  -0.093021, 
1311.0658, 1.65971, 90.318, 0.00083,  0.00, 0.10032, 0.00000, -1311.065796,  -0.100321, 
1383.5194, 1.71908, 95.309, 0.00085,  0.00, 0.10701, 0.00000, -1383.519409,  -0.107006, 
1458.1630, 1.77949, 100.451, 0.00087,  0.00, 0.11458, 0.00000, -1458.162964,  -0.114581, 
1537.5437, 1.84220, 105.920, 0.00089,  0.00, 0.12183, 0.00000, -1537.543701,  -0.121828, 
1616.8353, 1.90189, 111.382, 0.00091,  0.00, 0.12996, 0.00000, -1616.835327,  -0.129963, 
1692.9825, 1.96190, 116.628, 0.00094,  0.00, 0.13827, 0.00000, -1692.982544,  -0.138272, 
1780.6147, 2.03040, 122.665, 0.00096,  0.00, 0.14798, 0.00000, -1780.614746,  -0.147976, 
1861.7148, 2.09081, 128.252, 0.00098,  0.00, 0.15773, 0.00000, -1861.714844,  -0.157734, 
1941.5768, 2.15161, 133.753, 0.00100,  0.00, 0.16581, 0.00000, -1941.576782,  -0.165813, 
2024.6370, 2.21162, 139.475, 0.00102,  0.00, 0.17494, 0.00000, -2024.636963,  -0.174935, 
2107.2212, 2.27155, 145.164, 0.00104,  0.00, 0.18580, 0.00000, -2107.221191,  -0.185805, 
2202.1033, 2.34005, 151.701, 0.00107,  0.00, 0.20147, 0.00000, -2202.103271,  -0.201472, 
2289.4756, 2.40054, 157.720, 0.00109,  0.00, 0.21573, 0.00000, -2289.475586,  -0.215729, 
2373.4666, 2.46134, 163.506, 0.00111,  0.00, 0.23285, 0.00000, -2373.466553,  -0.232854, 
2454.5366, 2.52143, 169.091, 0.00113,  0.00, 0.25051, 0.00000, -2454.536621,  -0.250506, 
2532.4556, 2.58104, 174.458, 0.00115,  0.00, 0.27228, 0.00000, -2532.455566,  -0.272278, 
2620.2080, 2.64979, 180.504, 0.00118,  0.00, 0.30206, 0.00000, -2620.208008,  -0.302056, 
2692.9788, 2.71027, 185.517, 0.00120,  0.00, 0.33610, 0.00000, -2692.978760,  -0.336101, 
2756.3142, 2.77123, 189.880, 0.00122,  0.00, 0.37435, 0.00000, -2756.314209,  -0.374345, 
2819.0654, 2.83172, 194.203, 0.00124,  0.00, 0.42846, 0.00000, -2819.065430,  -0.428455, 
2866.1987, 2.89181, 197.450, 0.00126,  0.00, 0.49533, 0.00000, -2866.198730,  -0.495326, 
2912.6250, 2.96110, 200.648, 0.00128,  0.00, 0.59504, 0.00000, -2912.625000,  -0.595035, 
2941.6965, 3.02524, 202.651, 0.00131,  0.00, 0.70818, 0.00000, -2941.696533,  -0.708183, 
2958.9211, 3.08168, 203.837, 0.00133,  0.00, 0.82486, 0.00000, -2958.921143,  -0.824864, 
2974.8145, 3.15137, 204.932, 0.00135,  0.00, 0.98700, 0.00000, -2974.814453,  -0.987005, 
2989.0352, 3.21178, 205.912, 0.00137,  0.00, 1.14427, 0.00000, -2989.035156,  -1.144274, 
3001.0339, 3.27242, 206.738, 0.00139,  0.00, 1.30043, 0.00000, -3001.033936,  -1.300426, 
3013.2261, 3.33339, 207.578, 0.00141,  0.00, 1.46005, 0.00000, -3013.226074,  -1.460052, 
3022.0488, 3.39594, 208.186, 0.00143,  0.00, 1.62391, 0.00000, -3022.048828,  -1.623907, 
3035.4219, 3.46706, 209.107, 0.00146,  0.00, 1.81269, 0.00000, -3035.421875,  -1.812694, 
3045.4795, 3.52937, 209.800, 0.00148,  0.00, 1.98212, 0.00000, -3045.479492,  -1.982123, 
3054.5369, 3.59176, 210.424, 0.00150,  0.00, 2.14746, 0.00000, -3054.536865,  -2.147457, 
3063.4097, 3.65455, 211.035, 0.00152,  0.00, 2.31951, 0.00000, -3063.409668,  -2.319506, 
3070.3135, 3.72583, 211.511, 0.00155,  0.00, 2.51031, 0.00000, -3070.313477,  -2.510314, 
3079.4072, 3.78854, 212.137, 0.00157,  0.00, 2.68359, 0.00000, -3079.407227,  -2.683590, 
3085.3342, 3.85061, 212.546, 0.00159,  0.00, 2.85156, 0.00000, -3085.334229,  -2.851555, 
3091.0247, 3.91364, 212.938, 0.00161,  0.00, 3.02102, 0.00000, -3091.024658,  -3.021021, 
3098.1174, 3.97611, 213.426, 0.00163,  0.00, 3.19402, 0.00000, -3098.117432,  -3.194016, 
3104.3684, 4.04683, 213.857, 0.00165,  0.00, 3.38763, 0.00000, -3104.368408,  -3.387628, 
3111.8059, 4.10930, 214.369, 0.00167,  0.00, 3.56305, 0.00000, -3111.805908,  -3.563047, 
3113.6414, 4.17185, 214.496, 0.00170,  0.00, 3.73692, 0.00000, -3113.641357,  -3.736922, 
3119.8372, 4.23488, 214.923, 0.00172,  0.00, 3.90960, 0.00000, -3119.837158,  -3.909595, 
3124.4524, 4.29790, 215.240, 0.00174,  0.00, 4.08807, 0.00000, -3124.452393,  -4.088071, 
3129.6968, 4.36942, 215.602, 0.00176,  0.00, 4.29176, 0.00000, -3129.696777,  -4.291762, 
3134.1814, 4.43221, 215.911, 0.00178,  0.00, 4.47415, 0.00000, -3134.181396,  -4.474148, 
3136.4143, 4.49476, 216.065, 0.00180,  0.00, 4.65596, 0.00000, -3136.414307,  -4.655963, 
3137.1033, 4.55810, 216.112, 0.00182,  0.00, 4.83304, 0.00000, -3137.103271,  -4.833035, 
3141.1028, 4.61962, 216.388, 0.00185,  0.00, 5.01537, 0.00000, -3141.102783,  -5.015367, 
3143.6736, 4.68908, 216.565, 0.00187,  0.00, 5.22028, 0.00000, -3143.673584,  -5.220284, 
3147.6067, 4.75115, 216.836, 0.00189,  0.00, 5.40106, 0.00000, -3147.606689,  -5.401059, 
3148.0161, 4.81441, 216.864, 0.00191,  0.00, 5.58487, 0.00000, -3148.016113,  -5.584867, 
3151.2417, 4.87847, 217.086, 0.00193,  0.00, 5.77285, 0.00000, -3151.241699,  -5.772847, 
3154.9429, 4.94293, 217.341, 0.00195,  0.00, 5.96828, 0.00000, -3154.942871,  -5.968282, 
3156.4678, 5.01524, 217.446, 0.00198,  0.00, 6.18650, 0.00000, -3156.467773,  -6.186497, 
3157.2771, 5.07835, 217.502, 0.00200,  0.00, 6.38194, 0.00000, -3157.277100,  -6.381942, 
3155.5486, 5.14161, 217.383, 0.00202,  0.00, 6.57246, 0.00000, -3155.548584,  -6.572456, 
3158.9006, 5.20527, 217.614, 0.00204,  0.00, 6.76551, 0.00000, -3158.900635,  -6.765509, 
3158.6770, 5.26861, 217.598, 0.00206,  0.00, 6.95811, 0.00000, -3158.677002,  -6.958110, 
3160.7937, 5.33997, 217.744, 0.00209,  0.00, 7.18234, 0.00000, -3160.793701,  -7.182345, 
3164.3125, 5.40141, 217.986, 0.00211,  0.00, 7.38415, 0.00000, -3164.312500,  -7.384146, 
3162.6516, 5.46380, 217.872, 0.00213,  0.00, 7.57355, 0.00000, -3162.651611,  -7.573546, 
3163.6675, 5.52723, 217.942, 0.00215,  0.00, 7.76507, 0.00000, -3163.667480,  -7.765067, 
3162.3289, 5.59057, 217.850, 0.00217,  0.00, 7.96178, 0.00000, -3162.328857,  -7.961782, 
3162.8877, 5.66288, 217.888, 0.00220,  0.00, 8.19236, 0.00000, -3162.887695,  -8.192356, 
3164.1897, 5.73154, 217.978, 0.00222,  0.00, 8.29169, 0.00000, -3164.189697,  -8.411721, 
3162.6443, 5.80449, 217.871, 0.00224,  0.00, 8.39722, 0.00000, -3162.644287,  -8.645296, 
3160.7952, 5.88403, 217.744, 0.00227,  0.00, 8.51228, 0.00000, -3160.795166,  -8.896368, 
3160.4609, 5.96349, 217.721, 0.00230,  0.00, 8.62723, 0.00000, -3160.460938,  -9.157312, 
3160.0703, 6.04199, 217.694, 0.00232,  0.00, 8.74080, 0.00000, -3160.070313,  -9.417652, 
3160.0615, 6.11208, 217.694, 0.00235,  0.00, 8.84220, 0.00000, -3160.061523,  -9.647809, 
3160.2822, 6.19320, 217.709, 0.00237,  0.00, 8.95956, 0.00000, -3160.282227,  -9.919038, 
3160.7163, 6.27536, 217.739, 0.00240,  0.00, 9.07841, 0.00000, -3160.716309, -10.194849, 
3159.3562, 6.34934, 217.645, 0.00243,  0.00, 9.18544, 0.00000, -3159.356201, -10.439428, 
3158.8408, 6.42546, 217.609, 0.00245,  0.00, 9.29556, 0.00000, -3158.840820, -10.699100, 
3157.6079, 6.50302, 217.525, 0.00248,  0.00, 9.40776, 0.00000, -3157.607910, -10.966577, 
3157.1951, 6.56652, 217.496, 0.00250,  0.00, 9.49962, 0.00000, -3157.195068, -11.192072, 
3156.6575, 6.62994, 217.459, 0.00252,  0.00, 9.59138, 0.00000, -3156.657471, -11.416029, 
3156.4534, 6.70075, 217.445, 0.00254,  0.00, 9.69381, 0.00000, -3156.453369, -11.674286, 
3155.6663, 6.76361, 217.391, 0.00256,  0.00, 9.78476, 0.00000, -3155.666260, -11.897942, 
3154.4075, 6.82648, 217.304, 0.00258,  0.00, 9.87570, 0.00000, -3154.407471, -12.123603, 
3153.8882, 6.88982, 217.268, 0.00261,  0.00, 9.96734, 0.00000, -3153.888184, -12.360151, 
3150.4827, 6.95388, 217.034, 0.00263,  0.00, 10.06001, 0.00000, -3150.482666, -12.576738, 
3148.1626, 7.02477, 216.874, 0.00265,  0.00, 10.16256, 0.00000, -3148.162598, -12.841683, 
3146.8782, 7.08851, 216.785, 0.00267,  0.00, 10.25477, 0.00000, -3146.878174, -13.074777, 
3143.0481, 7.15241, 216.522, 0.00269,  0.00, 10.34721, 0.00000, -3143.048096, -13.309520, 
3140.9226, 7.21615, 216.375, 0.00271,  0.00, 10.43942, 0.00000, -3140.922607, -13.547424, 
3137.9968, 7.27973, 216.174, 0.00273,  0.00, 10.53141, 0.00000, -3137.996826, -13.785880, 
3134.7861, 7.34267, 215.952, 0.00276,  0.00, 10.62247, 0.00000, -3134.786133, -14.026612, 
3131.6936, 7.41300, 215.739, 0.00278,  0.00, 10.72421, 0.00000, -3131.693604, -14.302221, 
3126.6040, 7.47508, 215.389, 0.00280,  0.00, 10.81401, 0.00000, -3126.604004, -14.543459, 
3120.2971, 7.53810, 214.954, 0.00282,  0.00, 10.90519, 0.00000, -3120.297119, -14.779766, 
3115.5295, 7.60160, 214.626, 0.00284,  0.00, 10.99706, 0.00000, -3115.529541, -15.024734, 
3106.7827, 7.66518, 214.023, 0.00286,  0.00, 11.08904, 0.00000, -3106.782715, -15.274336, 
3099.0471, 7.73774, 213.490, 0.00289,  0.00, 11.19400, 0.00000, -3099.047119, -15.561366, 
3089.7542, 7.80132, 212.850, 0.00291,  0.00, 11.28598, 0.00000, -3089.754150, -15.816181, 
3080.4421, 7.86561, 212.209, 0.00293,  0.00, 11.37899, 0.00000, -3080.442139, -16.080605, 
3069.0706, 7.92896, 211.425, 0.00295,  0.00, 11.47063, 0.00000, -3069.070557, -16.333822, 
3052.9216, 7.99214, 210.313, 0.00297,  0.00, 11.56204, 0.00000, -3052.921631, -16.583723, 
3035.7378, 8.06485, 209.129, 0.00300,  0.00, 11.66723, 0.00000, -3035.737793, -16.870560, 
3019.4578, 8.12859, 208.008, 0.00302,  0.00, 11.75944, 0.00000, -3019.457764, -17.131495, 
3001.0203, 8.19265, 206.737, 0.00304,  0.00, 11.85211, 0.00000, -3001.020264, -17.364563, 
2982.6799, 8.25575, 205.474, 0.00306,  0.00, 11.94340, 0.00000, -2982.679932, -17.424549, 
2958.2463, 8.32727, 203.791, 0.00308,  0.00, 12.04687, 0.00000, -2958.246338, -17.442606, 
2935.0781, 8.39213, 202.195, 0.00310,  0.00, 12.14069, 0.00000, -2935.078125, -17.447905, 
2906.3794, 8.45666, 200.218, 0.00313,  0.00, 12.23405, 0.00000, -2906.379395, -17.441624, 
2874.4209, 8.52143, 198.016, 0.00315,  0.00, 12.32775, 0.00000, -2874.420898, -17.435680, 
2841.5295, 8.58517, 195.750, 0.00317,  0.00, 12.41996, 0.00000, -2841.529541, -17.439747, 
2800.6768, 8.65796, 192.936, 0.00319,  0.00, 12.52526, 0.00000, -2800.676758, -17.445251, 
2764.2319, 8.72202, 190.425, 0.00321,  0.00, 12.61793, 0.00000, -2764.231934, -17.456100, 
2719.6040, 8.78671, 187.351, 0.00323,  0.00, 12.71152, 0.00000, -2719.604004, -17.447716, 
2676.2888, 8.85053, 184.367, 0.00325,  0.00, 12.80385, 0.00000, -2676.288818, -17.467291, 
2622.0891, 8.91427, 180.633, 0.00328,  0.00, 12.89606, 0.00000, -2622.089111, -17.454729, 
2557.4573, 8.98793, 176.181, 0.00330,  0.00, 13.00263, 0.00000, -2557.457275, -17.459017, 
2492.6396, 9.05342, 171.716, 0.00332,  0.00, 13.09737, 0.00000, -2492.639648, -17.462799, 
2419.0757, 9.11923, 166.648, 0.00334,  0.00, 13.19256, 0.00000, -2419.075684, -17.458590, 
2299.2754, 9.18598, 158.395, 0.00336,  0.00, 13.28914, 0.00000, -2299.275391, -17.452953, 
 11.2704, 9.35529, 39.724, 0.00340,  0.00, 13.39042, 0.00000, -11.270370, -16.302551, 
